layers = [ 10, 10, 10, 10, 10, 10, 10,]
lr = 0.001
beta1 = 0.9
beta2 = 0.999
weight_decay = 0
mb_size = 32

MEE mean: 3.1144836902074173
MEE std: 0.11019105281230833
Time (seconds): 44.19903740999871
Convergence: True