layers = [ 10, 50, 50, 50, 50, 50, 50,]
lr = 0.001
beta1 = 0.9
beta2 = 0.999
weight_decay = 0
mb_size = 32

MEE mean: 2.9858017688287988
MEE std: 0.12810362158389196
Time (seconds): 33.938562008
Convergence: True