layers = [ 10, 25, 25,]
lr = 0.02
beta1 = 0.9
beta2 = 0.999
weight_decay = 0
mb_size = 32

MEE mean: 3.015679500870936
MEE std: 0.19315037747423922
Time (seconds): 10.494876187000955
Convergence: True