layers = [ 10, 25, 25, 25, 25,]
lr = 0.001
beta1 = 0.9
beta2 = 0.999
weight_decay = 0
mb_size = 32

MEE mean: 3.053878139159184
MEE std: 0.21184840792482554
Time (seconds): 26.89263166800174
Convergence: True