layers = [ 10, 25, 25, 25,]
lr = 0.02
beta1 = 0.9
beta2 = 0.999
weight_decay = 0
mb_size = 32

MEE mean: 3.0727141673816463
MEE std: 0.1260876546312663
Time (seconds): 15.493174812000689
Convergence: True