layers = [ 10, 50, 50, 50, 50,]
lr = 0.02
beta1 = 0.9
beta2 = 0.999
weight_decay = 0
mb_size = 32

MEE mean: 3.012552446169179
MEE std: 0.1294161668237717
Time (seconds): 31.128595511999265
Convergence: True