layers = [ 10, 100, 100, 100,]
lr = 0.02
beta1 = 0.9
beta2 = 0.999
weight_decay = 0
mb_size = 32

MEE mean: 3.0630629340097775
MEE std: 0.1661250387189579
Time (seconds): 169.1077915779997
Convergence: True