layers = [ 10, 15, 15, 15, 15, 15,]
lr = 0.001
beta1 = 0.9
beta2 = 0.999
weight_decay = 0
mb_size = 32

MEE mean: 2.983944226260524
MEE std: 0.2000414622259667
Time (seconds): 32.753560604001905
Convergence: True