layers = [ 10, 25, 25, 25,]
lr = 0.001
beta1 = 0.9
beta2 = 0.999
weight_decay = 0
mb_size = 32

MEE mean: 3.07292734669848
MEE std: 0.140199451882899
Time (seconds): 28.340935131998776
Convergence: True