layers = [ 10, 50, 50, 50, 50, 50,]
lr = 0.001
beta1 = 0.9
beta2 = 0.999
weight_decay = 0
mb_size = 32

MEE mean: 3.0214182064104493
MEE std: 0.18675182213448963
Time (seconds): 31.562060955999186
Convergence: True