layers = [ 10, 50, 50, 50, 50,]
lr = 0.01
beta1 = 0.9
beta2 = 0.999
weight_decay = 0
mb_size = 32

MEE mean: 3.060433958097887
MEE std: 0.15418679925075146
Time (seconds): 22.349862030000622
Convergence: True