layers = [ 10, 15, 15, 15, 15, 15, 15,]
lr = 0.001
beta1 = 0.9
beta2 = 0.999
weight_decay = 0
mb_size = 32

MEE mean: 3.1029772285000723
MEE std: 0.19242709723697804
Time (seconds): 34.02406659600092
Convergence: True