layers = [ 10, 50, 50, 50, 50, 50,]
lr = 0.01
beta1 = 0.9
beta2 = 0.999
weight_decay = 0
mb_size = 32

MEE mean: 3.006267432969061
MEE std: 0.18665918382517457
Time (seconds): 28.422934514999724
Convergence: True