layers = [ 10, 500, 500, 500,]
lr = 0.0005
beta1 = 0.9
beta2 = 0.999
weight_decay = 0
mb_size = 32

MEE mean: 3.05419409050084
MEE std: 0.15487059268367992
Time (seconds): 93.1608764449993
Convergence: True