layers = [ 10, 25, 25, 25, 25, 25, 25,]
lr = 0.02
beta1 = 0.9
beta2 = 0.999
weight_decay = 0
mb_size = 32

MEE mean: 3.0437768935397833
MEE std: 0.17584953898278827
Time (seconds): 20.963985280000998
Convergence: True