layers = [ 10, 25, 25, 25,]
lr = 0.0001
beta1 = 0.9
beta2 = 0.999
weight_decay = 0
mb_size = 32

MEE mean: 3.1456235624809916
MEE std: 0.09883635363044675
Time (seconds): 33.71691662900048
Convergence: True