layers = [ 10, 25, 25, 25, 25, 25, 25,]
lr = 0.01
beta1 = 0.9
beta2 = 0.999
weight_decay = 0
mb_size = 32

MEE mean: 2.957048992883471
MEE std: 0.13545160578112173
Time (seconds): 21.48126922499796
Convergence: True