layers = [ 10, 25, 25, 25, 25, 25, 25,]
lr = 0.01
beta1 = 0.9
beta2 = 0.999
weight_decay = 0
mb_size = 32

MEE mean: 2.9123589482804206
MEE std: 0.09828661101114433
Time (seconds): 17.42524819300001
Convergence: True