layers = [ 10, 100, 100, 100,]
lr = 0.0005
beta1 = 0.9
beta2 = 0.999
weight_decay = 0
mb_size = 32

MEE mean: 2.9844343076493725
MEE std: 0.1665667187044389
Time (seconds): 105.23898892800025
Convergence: True