layers = [ 10, 100, 100,]
lr = 0.0001
beta1 = 0.9
beta2 = 0.999
weight_decay = 0
mb_size = 32

MEE mean: 3.2497055145648432
MEE std: 0.1720606277126136
Time (seconds): 325.951279849
Convergence: True