layers = [ 10, 80, 80, 80,]
lr = 0.0005
beta1 = 0.9
beta2 = 0.999
weight_decay = 0
mb_size = 32

MEE mean: 2.987513629159841
MEE std: 0.135266999125777
Time (seconds): 19.33039683500101
Convergence: True