layers = [ 10, 100, 100,]
lr = 0.02
beta1 = 0.9
beta2 = 0.999
weight_decay = 0
mb_size = 32

MEE mean: 3.0703007984224664
MEE std: 0.13307693527663847
Time (seconds): 109.93084675499995
Convergence: True