layers = [ 10, 25, 25,]
lr = 0.001
beta1 = 0.9
beta2 = 0.999
weight_decay = 0
mb_size = 32

MEE mean: 3.1798051430563623
MEE std: 0.1792171009799438
Time (seconds): 35.514182543000004
Convergence: True