layers = [ 10, 15, 15, 15, 15,]
lr = 0.001
beta1 = 0.9
beta2 = 0.999
weight_decay = 0
mb_size = 32

MEE mean: 3.0683176439635864
MEE std: 0.13882426468276698
Time (seconds): 27.65904959100135
Convergence: True