layers = [ 10, 15, 15, 15, 15,]
lr = 0.001
beta1 = 0.9
beta2 = 0.999
weight_decay = 0
mb_size = 32

MEE mean: 3.0448069328809306
MEE std: 0.0
Time (seconds): 7.762797019000001
Convergence: True