layers = [ 10, 80, 80,]
lr = 0.0001
beta1 = 0.9
beta2 = 0.999
weight_decay = 0
mb_size = 32

MEE mean: 3.096420715102525
MEE std: 0.16657345156403203
Time (seconds): 38.57035208999878
Convergence: True