layers = [ 10, 25, 25, 25, 25, 25, 25,]
lr = 0.001
beta1 = 0.9
beta2 = 0.999
weight_decay = 0
mb_size = 32

MEE mean: 2.9869664007742514
MEE std: 0.13203101521764207
Time (seconds): 29.3792833949974
Convergence: True