layers = [ 10, 50, 50,]
lr = 0.0005
beta1 = 0.9
beta2 = 0.999
weight_decay = 0
mb_size = 32

MEE mean: 3.081829933347071
MEE std: 0.15040283579544653
Time (seconds): 27.03578254200147
Convergence: True