layers = [ 10, 150, 150,]
lr = 0.01
beta1 = 0.9
beta2 = 0.999
weight_decay = 0
mb_size = 32

MEE mean: 3.057486184103092
MEE std: 0.11371123678120788
Time (seconds): 415.46664969500034
Convergence: True