layers = [ 10, 100, 100, 100,]
lr = 0.001
beta1 = 0.9
beta2 = 0.999
weight_decay = 0
mb_size = 32

MEE mean: 3.073457297099214
MEE std: 0.1465028326839942
Time (seconds): 152.72899073200097
Convergence: True