layers = [ 10, 80, 80, 80,]
lr = 0.01
beta1 = 0.9
beta2 = 0.999
weight_decay = 0
mb_size = 32

MEE mean: 3.060875630683114
MEE std: 0.14265815103920043
Time (seconds): 21.822670896998716
Convergence: True