layers = [ 10, 150, 150,]
lr = 0.02
beta1 = 0.9
beta2 = 0.999
weight_decay = 0
mb_size = 32

MEE mean: 3.065065189758989
MEE std: 0.1428218958010338
Time (seconds): 457.96962437
Convergence: True