layers = [ 10, 25, 25, 25, 25,]
lr = 0.01
beta1 = 0.9
beta2 = 0.999
weight_decay = 0
mb_size = 32

MEE mean: 3.00072611034573
MEE std: 0.1456767542919003
Time (seconds): 16.83466854300059
Convergence: True