layers = [ 10, 50, 50, 50,]
lr = 0.0001
beta1 = 0.9
beta2 = 0.999
weight_decay = 0
mb_size = 32

MEE mean: 3.2271530074820105
MEE std: 0.18318410570136223
Time (seconds): 71.09600423900065
Convergence: True