layers = [ 10, 100, 100,]
lr = 0.0005
beta1 = 0.9
beta2 = 0.999
weight_decay = 0
mb_size = 32

MEE mean: 3.035226043383913
MEE std: 0.10711391073353403
Time (seconds): 93.26677836900217
Convergence: True