layers = [ 10, 500, 500,]
lr = 0.001
beta1 = 0.9
beta2 = 0.999
weight_decay = 0
mb_size = 32

MEE mean: 3.0510553957292186
MEE std: 0.10458079572727715
Time (seconds): 95.64396542599994
Convergence: True