layers = [ 10, 25, 25, 25, 25, 25,]
lr = 0.02
beta1 = 0.9
beta2 = 0.999
weight_decay = 0
mb_size = 32

MEE mean: 3.053807282810426
MEE std: 0.1673418043444192
Time (seconds): 14.549853894999615
Convergence: True