layers = [ 10, 50, 50,]
lr = 0.0001
beta1 = 0.9
beta2 = 0.999
weight_decay = 0
mb_size = 32

MEE mean: 3.407172172440071
MEE std: 0.13324863543468016
Time (seconds): 47.74255642899996
Convergence: True