layers = [ 10, 100, 100,]
lr = 0.001
beta1 = 0.9
beta2 = 0.999
weight_decay = 0
mb_size = 32

MEE mean: 3.1515668771967795
MEE std: 0.15053857294395684
Time (seconds): 140.61614352200002
Convergence: True