layers = [ 10, 10, 10, 10, 10, 10,]
lr = 0.001
beta1 = 0.9
beta2 = 0.999
weight_decay = 0
mb_size = 32

MEE mean: 3.064698544487703
MEE std: 0.10638086059228863
Time (seconds): 37.57317706700087
Convergence: True