layers = [ 10, 100, 100, 100,]
lr = 0.0001
beta1 = 0.9
beta2 = 0.999
weight_decay = 0
mb_size = 32

MEE mean: 3.2442747463335166
MEE std: 0.1313272610610094
Time (seconds): 285.3489220950005
Convergence: True