layers = [ 10, 10, 10, 10, 10,]
lr = 0.02
beta1 = 0.9
beta2 = 0.999
weight_decay = 0
mb_size = 32

MEE mean: 3.016257267517211
MEE std: 0.12083344287565188
Time (seconds): 18.179306104002535
Convergence: True