layers = [ 10, 80, 80,]
lr = 0.001
beta1 = 0.9
beta2 = 0.999
weight_decay = 0
mb_size = 32

MEE mean: 3.016712222302864
MEE std: 0.16340558362455063
Time (seconds): 14.124214081999526
Convergence: True