layers = [ 10, 25, 25,]
lr = 0.0001
beta1 = 0.9
beta2 = 0.999
weight_decay = 0
mb_size = 32

MEE mean: 3.4266119605901624
MEE std: 0.1848425269974819
Time (seconds): 71.539298557
Convergence: True