layers = [ 10, 50, 50, 50, 50, 50, 50,]
lr = 0.01
beta1 = 0.9
beta2 = 0.999
weight_decay = 0
mb_size = 32

MEE mean: 3.000496600661755
MEE std: 0.15376351573633096
Time (seconds): 31.009906889999996
Convergence: True