layers = [ 10, 500, 500, 500,]
lr = 0.0001
beta1 = 0.9
beta2 = 0.999
weight_decay = 0
mb_size = 32

MEE mean: 3.0761173956216474
MEE std: 0.11912581630898637
Time (seconds): 136.10862608099978
Convergence: True