layers = [ 10, 25, 25, 25, 25, 25,]
lr = 0.01
beta1 = 0.9
beta2 = 0.999
weight_decay = 0
mb_size = 32

MEE mean: 2.9822292290923604
MEE std: 0.16425722282769847
Time (seconds): 18.34512088900192
Convergence: True