layers = [ 10, 100, 100, 100,]
lr = 0.001
beta1 = 0.9
beta2 = 0.999
weight_decay = 0
mb_size = 32

MEE mean: 3.024914489759594
MEE std: 0.15110193520094012
Time (seconds): 87.2137053159995
Convergence: True