layers = [ 10, 25, 25,]
lr = 0.0005
beta1 = 0.9
beta2 = 0.999
weight_decay = 0
mb_size = 32

MEE mean: 3.0574095721161485
MEE std: 0.13812303384056032
Time (seconds): 17.31268075400112
Convergence: True