layers = [ 10, 80, 80, 80,]
lr = 0.0001
beta1 = 0.9
beta2 = 0.999
weight_decay = 0
mb_size = 32

MEE mean: 3.097001267306389
MEE std: 0.07427558652814858
Time (seconds): 32.361999880999065
Convergence: True