layers = [ 10, 50, 50, 50,]
lr = 0.001
beta1 = 0.9
beta2 = 0.999
weight_decay = 0
mb_size = 32

MEE mean: 3.061760814927474
MEE std: 0.1665233370137884
Time (seconds): 29.832897228999173
Convergence: True