layers = [ 10, 25, 25, 25,]
lr = 0.01
beta1 = 0.9
beta2 = 0.999
weight_decay = 0
mb_size = 32

MEE mean: 3.0159333943225883
MEE std: 0.14256601246424022
Time (seconds): 15.717937791999248
Convergence: True