layers = [ 10, 15, 15, 15, 15, 15,]
lr = 0.01
beta1 = 0.9
beta2 = 0.999
weight_decay = 0
mb_size = 32

MEE mean: 2.862837810756832
MEE std: 0.15126867637913893
Time (seconds): 17.642731582
Convergence: True