layers = [ 10, 15, 15, 15, 15, 15,]
lr = 0.01
beta1 = 0.9
beta2 = 0.999
weight_decay = 0
mb_size = 32

MEE mean: 2.937913703660263
MEE std: 0.1511282619951359
Time (seconds): 16.949591859000066
Convergence: True