layers = [ 10, 10, 10, 10, 10, 10,]
lr = 0.02
beta1 = 0.9
beta2 = 0.999
weight_decay = 0
mb_size = 32

MEE mean: 3.0486611789837523
MEE std: 0.13693718815925957
Time (seconds): 17.364420237001468
Convergence: True