layers = [ 10, 25, 25, 25,]
lr = 0.0001
beta1 = 0.9
beta2 = 0.999
weight_decay = 0
mb_size = 32

MEE mean: 3.376070794301074
MEE std: 0.19714895859319032
Time (seconds): 58.59372171299947
Convergence: True