layers = [ 10, 10, 10, 10, 10, 10, 10,]
lr = 0.01
beta1 = 0.9
beta2 = 0.999
weight_decay = 0
mb_size = 32

MEE mean: 2.9581188959983615
MEE std: 0.14138996388330466
Time (seconds): 24.420202153000016
Convergence: True