layers = [ 10, 10, 10, 10, 10, 10, 10,]
lr = 0.01
beta1 = 0.9
beta2 = 0.999
weight_decay = 0
mb_size = 32

MEE mean: 2.9321646698544805
MEE std: 0.20403970675950958
Time (seconds): 22.74938414999815
Convergence: True