layers = [ 10, 50, 50, 50,]
lr = 0.02
beta1 = 0.9
beta2 = 0.999
weight_decay = 0
mb_size = 32

MEE mean: 3.050953651514287
MEE std: 0.10635695830158044
Time (seconds): 24.52390734200162
Convergence: True