layers = [ 10, 15, 15, 15, 15,]
lr = 0.01
beta1 = 0.9
beta2 = 0.999
weight_decay = 0
mb_size = 32

MEE mean: 2.958286849681953
MEE std: 0.14635603770539646
Time (seconds): 15.271152593000807
Convergence: True