layers = [ 10, 15, 15, 15, 15,]
lr = 0.01
beta1 = 0.9
beta2 = 0.999
weight_decay = 0
mb_size = 32

MEE mean: 2.915278748004106
MEE std: 0.0
Time (seconds): 5.118133349999999
Convergence: True