layers = [ 10, 100, 100,]
lr = 0.0001
beta1 = 0.9
beta2 = 0.999
weight_decay = 0
mb_size = 32

MEE mean: 3.1401112894599508
MEE std: 0.14973180731986838
Time (seconds): 163.7980672370013
Convergence: True