layers = [ 10, 25, 25, 25,]
lr = 0.0005
beta1 = 0.9
beta2 = 0.999
weight_decay = 0
mb_size = 32

MEE mean: 3.031029939708444
MEE std: 0.14420634972000834
Time (seconds): 16.68164387899924
Convergence: True