layers = [ 10, 15, 15, 15, 15,]
lr = 0.02
beta1 = 0.9
beta2 = 0.999
weight_decay = 0
mb_size = 32

MEE mean: 2.944152163763116
MEE std: 0.0
Time (seconds): 6.607826828999997
Convergence: True