layers = [ 10, 15, 15, 15, 15,]
lr = 0.02
beta1 = 0.9
beta2 = 0.999
weight_decay = 0
mb_size = 32

MEE mean: 3.0550019707834792
MEE std: 0.12303026510486934
Time (seconds): 13.03720585499832
Convergence: True