layers = [ 10, 10, 10, 10, 10,]
lr = 0.01
beta1 = 0.9
beta2 = 0.999
weight_decay = 0
mb_size = 32

MEE mean: 3.035271254652766
MEE std: 0.15135827531259777
Time (seconds): 17.268456266998328
Convergence: True