layers = [ 10, 250, 250,]
lr = 0.0005
beta1 = 0.9
beta2 = 0.999
weight_decay = 0
mb_size = 32

MEE mean: 3.0091746362029284
MEE std: 0.13269490717037555
Time (seconds): 130.26287125900126
Convergence: True