layers = [ 10, 15, 15, 15, 15, 15, 15,]
lr = 0.01
beta1 = 0.9
beta2 = 0.999
weight_decay = 0
mb_size = 32

MEE mean: 3.039037402278949
MEE std: 0.1737748807690045
Time (seconds): 21.138208494998253
Convergence: True