layers = [ 10, 15, 15, 15, 15, 15,]
lr = 0.02
beta1 = 0.9
beta2 = 0.999
weight_decay = 0
mb_size = 32

MEE mean: 2.9897392200654758
MEE std: 0.1602287129329875
Time (seconds): 21.117178739001247
Convergence: True