layers = [ 10, 25, 25, 25, 25,]
lr = 0.02
beta1 = 0.9
beta2 = 0.999
weight_decay = 0
mb_size = 32

MEE mean: 3.061257895446251
MEE std: 0.1471814313593502
Time (seconds): 17.447042189000058
Convergence: True