layers = [ 10, 250, 250,]
lr = 0.0001
beta1 = 0.9
beta2 = 0.999
weight_decay = 0
mb_size = 32

MEE mean: 3.0605291541491266
MEE std: 0.1537526722245757
Time (seconds): 267.5439502069985
Convergence: True