layers = [ 10, 50, 50, 50,]
lr = 0.0005
beta1 = 0.9
beta2 = 0.999
weight_decay = 0
mb_size = 32

MEE mean: 2.964084438635327
MEE std: 0.06318811303826848
Time (seconds): 22.825069642000017
Convergence: True