layers = [ 10, 50, 50, 50, 50,]
lr = 0.001
beta1 = 0.9
beta2 = 0.999
weight_decay = 0
mb_size = 32

MEE mean: 3.0788845679796366
MEE std: 0.13801846228817644
Time (seconds): 28.768739681000625
Convergence: True