layers = [ 10, 80, 80,]
lr = 0.01
beta1 = 0.9
beta2 = 0.999
weight_decay = 0
mb_size = 32

MEE mean: 3.012316927256138
MEE std: 0.136071025125485
Time (seconds): 17.652826618000063
Convergence: True