layers = [ 10, 10, 10, 10, 10,]
lr = 0.001
beta1 = 0.9
beta2 = 0.999
weight_decay = 0
mb_size = 32

MEE mean: 3.0991022100315715
MEE std: 0.09143560026959875
Time (seconds): 36.37211186300192
Convergence: True