layers = [ 10, 1000, 1000, 1000,]
lr = 0.0001
beta1 = 0.9
beta2 = 0.999
weight_decay = 0
mb_size = 32

MEE mean: 3.125940164702309
MEE std: 0.14887695943085066
Time (seconds): 252.363215975
Convergence: True