layers = [ 10, 80, 80, 80,]
lr = 0.02
beta1 = 0.9
beta2 = 0.999
weight_decay = 0
mb_size = 32

MEE mean: 3.0328067358835846
MEE std: 0.16072647827494072
Time (seconds): 21.632468226000128
Convergence: True