layers = [ 10, 25, 25,]
lr = 0.01
beta1 = 0.9
beta2 = 0.999
weight_decay = 0
mb_size = 32

MEE mean: 3.0489102387102376
MEE std: 0.08459043395338062
Time (seconds): 17.500172520000003
Convergence: True