layers = [ 10, 250, 250,]
lr = 0.001
beta1 = 0.9
beta2 = 0.999
weight_decay = 0
mb_size = 32

MEE mean: 3.0564219012447125
MEE std: 0.15953958336969468
Time (seconds): 105.24466887000017
Convergence: True